# oST version 5.0 parameters


[image]

width
640

height
480

[narrow_stereo]

camera matrix
381.820672 0.000000 323.435371
0.000000 383.182343 246.804451
0.000000 0.000000 1.000000

distortion
-0.282891 0.064848 -0.000030 0.001023 0.000000

rectification
1.000000 0.000000 0.000000
0.000000 1.000000 0.000000
0.000000 0.000000 1.000000

projection
285.221252 0.000000 327.566772 0.000000
0.000000 332.913544 248.592592 0.000000
0.000000 0.000000 1.000000 0.000000
